<?xml version="1.0"?>
<opencv_storage>
<D1 type_id="opencv-matrix">
  <rows>1</rows>
  <cols>5</cols>
  <dt>d</dt>
  <data>
    -4.3228800000000001e-01 2.6424199999999998e-01
    1.9000000000000001e-04 3.6900000000000002e-04
    -9.9024000000000001e-02</data></D1>
</opencv_storage>
