<?xml version="1.0"?>
<opencv_storage>
<P1 type_id="opencv-matrix">
  <rows>3</rows>
  <cols>4</cols>
  <dt>d</dt>
  <data>
    3.2084795726539284e+02 0. 1.6117237854003906e+02 0. 0.
    3.2084795726539284e+02 1.0109172344207764e+02 0. 0. 0. 1. 0.</data></P1>
</opencv_storage>
