<?xml version="1.0"?>
<opencv_storage>
<R2 type_id="opencv-matrix">
  <rows>3</rows>
  <cols>3</cols>
  <dt>d</dt>
  <data>
    9.9391492346016663e-01 3.2973755145862859e-03 1.1010110007573498e-01
    -1.3016410982410423e-03 9.9983364026626331e-01
    -1.8193337306938270e-02 -1.1014277395100677e-01
    1.7939317340090393e-02 9.9375386803762877e-01</data></R2>
</opencv_storage>
