<?xml version="1.0"?>
<opencv_storage>
<D1 type_id="opencv-matrix">
  <rows>1</rows>
  <cols>5</cols>
  <dt>d</dt>
  <data>
    -4.2955300000000002e-01 2.3716200000000001e-01
    4.1079999999999997e-03 1.7200000000000000e-03
    -7.5878000000000001e-02</data></D1>
</opencv_storage>
