<?xml version="1.0"?>
<opencv_storage>
<D2 type_id="opencv-matrix">
  <rows>1</rows>
  <cols>5</cols>
  <dt>d</dt>
  <data>
    -4.0780699999999998e-01 2.0065600000000000e-01
    1.0650000000000000e-03 -1.0579999999999999e-03
    -5.6107999999999998e-02</data></D2>
</opencv_storage>
