<?xml version="1.0"?>
<opencv_storage>
<P1 type_id="opencv-matrix">
  <rows>3</rows>
  <cols>4</cols>
  <dt>d</dt>
  <data>
    4.2011420961467604e+02 0. 2.0884344482421875e+02 0. 0.
    4.2011420961467604e+02 1.0307738018035889e+02 0. 0. 0. 1. 0.</data></P1>
</opencv_storage>
