<?xml version="1.0"?>
<opencv_storage>
<P1 type_id="opencv-matrix">
  <rows>3</rows>
  <cols>4</cols>
  <dt>d</dt>
  <data>
    3.8687487297066497e+02 0. 1.9683418655395508e+02 0. 0.
    3.8687487297066497e+02 1.0289849662780762e+02 0. 0. 0. 1. 0.</data></P1>
</opencv_storage>
