<?xml version="1.0"?>
<opencv_storage>
<P1 type_id="opencv-matrix">
  <rows>3</rows>
  <cols>4</cols>
  <dt>d</dt>
  <data>
    3.9403449768146584e+02 0. 2.0705991744995117e+02 0. 0.
    3.9403449768146584e+02 1.0270375251770020e+02 0. 0. 0. 1. 0.</data></P1>
</opencv_storage>
