<?xml version="1.0"?>
<opencv_storage>
<P2 type_id="opencv-matrix">
  <rows>3</rows>
  <cols>4</cols>
  <dt>d</dt>
  <data>
    3.8176271603528943e+02 0. 1.7464423751831055e+02
    -1.2762678373542185e+02 0. 3.8176271603528943e+02
    1.0278604030609131e+02 0. 0. 0. 1. 0.</data></P2>
</opencv_storage>
