<?xml version="1.0"?>
<opencv_storage>
<P2 type_id="opencv-matrix">
  <rows>3</rows>
  <cols>4</cols>
  <dt>d</dt>
  <data>
    3.8687487297066497e+02 0. 1.7658317184448242e+02
    -1.2929118226786309e+02 0. 3.8687487297066497e+02
    1.0289849662780762e+02 0. 0. 0. 1. 0.</data></P2>
</opencv_storage>
