<?xml version="1.0"?>
<opencv_storage>
<P2 type_id="opencv-matrix">
  <rows>3</rows>
  <cols>4</cols>
  <dt>d</dt>
  <data>
    4.2011420961467604e+02 0. 1.8073095703125000e+02
    -1.4278464542519760e+02 0. 4.2011420961467604e+02
    1.0307738018035889e+02 0. 0. 0. 1. 0.</data></P2>
</opencv_storage>
