<?xml version="1.0"?>
<opencv_storage>
<P2 type_id="opencv-matrix">
  <rows>3</rows>
  <cols>4</cols>
  <dt>d</dt>
  <data>
    3.8243434709064724e+02 0. 1.7572971725463867e+02
    -1.3305292912668355e+02 0. 3.8243434709064724e+02
    1.0293124008178711e+02 0. 0. 0. 1. 0.</data></P2>
</opencv_storage>
