<?xml version="1.0"?>
<opencv_storage>
<P2 type_id="opencv-matrix">
  <rows>3</rows>
  <cols>4</cols>
  <dt>d</dt>
  <data>
    3.9403449768146584e+02 0. 1.7578717422485352e+02
    -1.3371517926560725e+02 0. 3.9403449768146584e+02
    1.0270375251770020e+02 0. 0. 0. 1. 0.</data></P2>
</opencv_storage>
