<?xml version="1.0"?>
<opencv_storage>
<Q type_id="opencv-matrix">
  <rows>4</rows>
  <cols>4</cols>
  <dt>d</dt>
  <data>
    1. 0. 0. -2.0027983856201172e+02 0. 1. 0. -1.0293124008178711e+02 0.
    0. 0. 3.8243434709064724e+02 0. 0. 2.8743023517093746e+00
    -7.0564471408532782e+01</data></Q>
</opencv_storage>
