<?xml version="1.0"?>
<opencv_storage>
<Q type_id="opencv-matrix">
  <rows>4</rows>
  <cols>4</cols>
  <dt>d</dt>
  <data>
    1. 0. 0. -2.0699835968017578e+02 0. 1. 0. -1.0278604030609131e+02 0.
    0. 0. 3.8176271603528943e+02 0. 0. 2.9912429418162487e+00
    -9.6779039555340049e+01</data></Q>
</opencv_storage>
