<?xml version="1.0"?>
<opencv_storage>
<Q type_id="opencv-matrix">
  <rows>4</rows>
  <cols>4</cols>
  <dt>d</dt>
  <data>
    1. 0. 0. -2.0884344482421875e+02 0. 1. 0. -1.0307738018035889e+02 0.
    0. 0. 4.2011420961467604e+02 0. 0. 2.9422926279196218e+00
    -8.2715165585732308e+01</data></Q>
</opencv_storage>
