<?xml version="1.0"?>
<opencv_storage>
<Q type_id="opencv-matrix">
  <rows>4</rows>
  <cols>4</cols>
  <dt>d</dt>
  <data>
    1. 0. 0. -2.0705991744995117e+02 0. 1. 0. -1.0270375251770020e+02 0.
    0. 0. 3.9403449768146584e+02 0. 0. 2.9468194998173636e+00
    -9.2155129548499119e+01</data></Q>
</opencv_storage>
