<?xml version="1.0"?>
<opencv_storage>
<Q type_id="opencv-matrix">
  <rows>4</rows>
  <cols>4</cols>
  <dt>d</dt>
  <data>
    1. 0. 0. -1.9683418655395508e+02 0. 1. 0. -1.0289849662780762e+02 0.
    0. 0. 3.8687487297066497e+02 0. 0. 2.9922757777026492e+00
    -6.0596620789055081e+01</data></Q>
</opencv_storage>
