<?xml version="1.0"?>
<opencv_storage>
<R1 type_id="opencv-matrix">
  <rows>3</rows>
  <cols>3</cols>
  <dt>d</dt>
  <data>
    9.9986275346687981e-01 -1.5528830518932708e-02
    -5.7731839000652874e-03 1.5053528454240806e-02
    9.9708204708292780e-01 -7.4838376959923680e-02
    6.9184904933859634e-03 7.4741198864030356e-02 9.9717896472080703e-01</data></R1>
</opencv_storage>
