<?xml version="1.0"?>
<opencv_storage>
<R1 type_id="opencv-matrix">
  <rows>3</rows>
  <cols>3</cols>
  <dt>d</dt>
  <data>
    9.9924226508335301e-01 -3.3032177821313360e-02
    2.0585696477680358e-02 3.4562924933876166e-02 9.9626942014384257e-01
    -7.9073678972632858e-02 -1.7896924068266293e-02
    7.9725263967157178e-02 9.9665620070025251e-01</data></R1>
</opencv_storage>
