<?xml version="1.0"?>
<opencv_storage>
<R1 type_id="opencv-matrix">
  <rows>3</rows>
  <cols>3</cols>
  <dt>d</dt>
  <data>
    9.9900755226756921e-01 -4.3746757081431172e-02
    -8.3744705634528557e-03 4.2759377593348608e-02
    9.9458744387348141e-01 -9.4696632025875166e-02
    1.2471813829163927e-02 9.4244563419185190e-02 9.9547095192463453e-01</data></R1>
</opencv_storage>
