<?xml version="1.0"?>
<opencv_storage>
<R1 type_id="opencv-matrix">
  <rows>3</rows>
  <cols>3</cols>
  <dt>d</dt>
  <data>
    9.9997612926763702e-01 -1.1739560858418010e-03
    -6.8090176988007470e-03 5.9235492081405328e-04
    9.9639804089701378e-01 -8.4797365597291882e-02
    6.8840402789244505e-03 8.4791308066932816e-02 9.9637495154471678e-01</data></R1>
</opencv_storage>
