<?xml version="1.0"?>
<opencv_storage>
<R1 type_id="opencv-matrix">
  <rows>3</rows>
  <cols>3</cols>
  <dt>d</dt>
  <data>
    9.9931464714634488e-01 -3.4981270758828384e-02
    1.2105647230685159e-02 3.5794876095516549e-02 9.9652373376619718e-01
    -7.5227487569265533e-02 -9.4320116668119187e-03
    7.5609250338665029e-02 9.9709291363400143e-01</data></R1>
</opencv_storage>
