<?xml version="1.0"?>
<opencv_storage>
<R2 type_id="opencv-matrix">
  <rows>3</rows>
  <cols>3</cols>
  <dt>d</dt>
  <data>
    9.9749253646874070e-01 -4.8168191017976092e-02
    5.1850410444023651e-02 4.4152664462134616e-02 9.9613090136868665e-01
    7.5985324631154275e-02 -5.5309871723337997e-02
    -7.3505460426171829e-02 9.9575989343690907e-01</data></R2>
</opencv_storage>
