<?xml version="1.0"?>
<opencv_storage>
<R2 type_id="opencv-matrix">
  <rows>3</rows>
  <cols>3</cols>
  <dt>d</dt>
  <data>
    9.9782444519595559e-01 -4.3999816511286573e-02
    4.9095750491834414e-02 4.0168954640677323e-02 9.9626322202747197e-01
    7.6459450158337466e-02 -5.2276492350372496e-02
    -7.4320983459674417e-02 9.9586322342233746e-01</data></R2>
</opencv_storage>
