<?xml version="1.0"?>
<opencv_storage>
<R2 type_id="opencv-matrix">
  <rows>3</rows>
  <cols>3</cols>
  <dt>d</dt>
  <data>
    9.9744818075943731e-01 -6.1188443749527956e-02
    3.6784521897119789e-02 5.7436166638556024e-02 9.9376024557680065e-01
    9.5612034143223557e-02 -4.2405347086857538e-02
    -9.3255287585464960e-02 9.9473877871318328e-01</data></R2>
</opencv_storage>
