<?xml version="1.0"?>
<opencv_storage>
<R2 type_id="opencv-matrix">
  <rows>3</rows>
  <cols>3</cols>
  <dt>d</dt>
  <data>
    9.9868607576527291e-01 -1.7032100951947678e-02
    4.8332490208163936e-02 1.2871027930976208e-02 9.9628638155687343e-01
    8.5133909603119701e-02 -4.9603011123918989e-02
    -8.4399961264652199e-02 9.9519655738249302e-01</data></R2>
</opencv_storage>
