<?xml version="1.0"?>
<opencv_storage>
<R2 type_id="opencv-matrix">
  <rows>3</rows>
  <cols>3</cols>
  <dt>d</dt>
  <data>
    9.9822693569682686e-01 -3.6775707438848546e-02
    4.6803121602039283e-02 3.2940960411837125e-02 9.9623262441936145e-01
    8.0221263824857253e-02 -4.9576990393415732e-02
    -7.8537286589770786e-02 9.9567766703820748e-01</data></R2>
</opencv_storage>
