<?xml version="1.0"?>
<opencv_storage>
<D1-single type_id="opencv-matrix">
  <rows>1</rows>
  <cols>8</cols>
  <dt>d</dt>
  <data>
    -4.0293288316041752e-02 2.6884455736258450e-01
    9.4866109649847642e-05 -4.2275555502379935e-04
    -1.7124568118370037e-01 2.4048637028602834e-01
    3.3340548397345710e-01 -2.3102502867164842e-01</data></D1-single>
</opencv_storage>
