<?xml version="1.0"?>
<opencv_storage>
<D1 type_id="opencv-matrix">
  <rows>1</rows>
  <cols>8</cols>
  <dt>d</dt>
  <data>
    4.9826570935860182e-01 1.4589678640517487e-01 2.3514869873416972e-04
    1.8971377785166769e-02 -1.4124569065799403e-01
    8.0226264613531073e-01 5.5180360106201964e-01
    -3.0038031779108287e-01</data></D1>
</opencv_storage>
