<?xml version="1.0"?>
<opencv_storage>
<D1 type_id="opencv-matrix">
  <rows>1</rows>
  <cols>8</cols>
  <dt>d</dt>
  <data>
    -6.5127269242431354e-02 2.2891209193737239e-01
    -2.2004869362540519e-03 -1.6506924778081782e-02
    -1.4721203615486023e-01 1.9601925645007728e-01
    3.3206863378244006e-01 -2.3118281590282042e-01</data></D1>
</opencv_storage>
