<?xml version="1.0"?>
<opencv_storage>
<D2 type_id="opencv-matrix">
  <rows>1</rows>
  <cols>8</cols>
  <dt>d</dt>
  <data>
    2.8583477734624618e+00 -2.3919844661912057e-01
    -2.2485621254500648e-03 -1.3512288518962455e-03
    1.1701336992656680e-02 3.2017006346737831e+00 7.1435848060589413e-01
    -1.7065496858203064e-01</data></D2>
</opencv_storage>
