<?xml version="1.0"?>
<opencv_storage>
<D2 type_id="opencv-matrix">
  <rows>1</rows>
  <cols>8</cols>
  <dt>d</dt>
  <data>
    3.6696540350334944e-01 1.5223499571881086e-01
    -7.9618947095980684e-03 5.4241120994094104e-03
    1.5110172577124556e-01 7.0624537253452180e-01 1.6169373312012983e-01
    3.0176970047612123e-01</data></D2>
</opencv_storage>
