<?xml version="1.0"?>
<opencv_storage>
<M1-single type_id="opencv-matrix">
  <rows>3</rows>
  <cols>3</cols>
  <dt>d</dt>
  <data>
    1.7741956629596211e+02 0. 1.6989450876544058e+02 0.
    1.7635510699671656e+02 1.1674310883832554e+02 0. 0. 1.</data></M1-single>
</opencv_storage>
