<?xml version="1.0"?>
<opencv_storage>
<M1 type_id="opencv-matrix">
  <rows>3</rows>
  <cols>3</cols>
  <dt>d</dt>
  <data>
    2.0638002971186299e+02 0. 1.6989450876544058e+02 0.
    1.9424913980347071e+02 1.1674310883832554e+02 0. 0. 1.</data></M1>
</opencv_storage>
