<?xml version="1.0"?>
<opencv_storage>
<M1 type_id="opencv-matrix">
  <rows>3</rows>
  <cols>3</cols>
  <dt>d</dt>
  <data>
    1.9291710136154961e+02 0. 1.6989450876544058e+02 0.
    1.9081219207670912e+02 1.1674310883832554e+02 0. 0. 1.</data></M1>
</opencv_storage>
