<?xml version="1.0"?>
<opencv_storage>
<M2-single type_id="opencv-matrix">
  <rows>3</rows>
  <cols>3</cols>
  <dt>d</dt>
  <data>
    1.8411809069734309e+02 0. 1.8415281865510525e+02 0.
    1.8289675155812785e+02 1.1535979479129806e+02 0. 0. 1.</data></M2-single>
</opencv_storage>
