<?xml version="1.0"?>
<opencv_storage>
<M2 type_id="opencv-matrix">
  <rows>3</rows>
  <cols>3</cols>
  <dt>d</dt>
  <data>
    2.0162769205419011e+02 0. 1.8415281865510525e+02 0.
    1.9955527548726499e+02 1.1535979479129806e+02 0. 0. 1.</data></M2>
</opencv_storage>
