<?xml version="1.0"?>
<opencv_storage>
<P1 type_id="opencv-matrix">
  <rows>3</rows>
  <cols>4</cols>
  <dt>d</dt>
  <data>
    1.8510686042452471e+02 0. 3.3824310302734375e+02 0. 0.
    1.8510686042452471e+02 1.0944889068603516e+02 0. 0. 0. 1. 0.</data></P1>
</opencv_storage>
