<?xml version="1.0"?>
<opencv_storage>
<P1 type_id="opencv-matrix">
  <rows>3</rows>
  <cols>4</cols>
  <dt>d</dt>
  <data>
    1.7757112061392255e+02 0. 2.4007084655761719e+02 0. 0.
    1.7757112061392255e+02 1.0171680450439453e+02 0. 0. 0. 1. 0.</data></P1>
</opencv_storage>
