<?xml version="1.0"?>
<opencv_storage>
<P2 type_id="opencv-matrix">
  <rows>3</rows>
  <cols>4</cols>
  <dt>d</dt>
  <data>
    1.8510686042452471e+02 0. 1.1333667373657227e+02
    -6.3221194666191504e+03 0. 1.8510686042452471e+02
    1.0944889068603516e+02 0. 0. 0. 1. 0.</data></P2>
</opencv_storage>
