<?xml version="1.0"?>
<opencv_storage>
<Q type_id="opencv-matrix">
  <rows>4</rows>
  <cols>4</cols>
  <dt>d</dt>
  <data>
    1. 0. 0. -2.4007084655761719e+02 0. 1. 0. -1.0171680450439453e+02 0.
    0. 0. 1.7757112061392255e+02 0. 0. 3.0772082854995900e-02
    -5.1250289830500217e-01</data></Q>
</opencv_storage>
