<?xml version="1.0"?>
<opencv_storage>
<Q type_id="opencv-matrix">
  <rows>4</rows>
  <cols>4</cols>
  <dt>d</dt>
  <data>
    1. 0. 0. -3.3824310302734375e+02 0. 1. 0. -1.0944889068603516e+02 0.
    0. 0. 1.8510686042452471e+02 0. 0. 2.9279241147196069e-02
    -6.5850895787593000e+00</data></Q>
</opencv_storage>
