<?xml version="1.0"?>
<opencv_storage>
<R1 type_id="opencv-matrix">
  <rows>3</rows>
  <cols>3</cols>
  <dt>d</dt>
  <data>
    9.7534494895965107e-01 -1.0430324600327046e-02
    -2.2043919539779563e-01 -1.8579530316265068e-03
    9.9845896985808213e-01 -5.5463803696370308e-02
    2.2067799742934952e-01 5.4505906456723055e-02 9.7382253394132501e-01</data></R1>
</opencv_storage>
