<?xml version="1.0"?>
<opencv_storage>
<R1 type_id="opencv-matrix">
  <rows>3</rows>
  <cols>3</cols>
  <dt>d</dt>
  <data>
    9.9719833201004127e-01 -2.5071391380484732e-02
    -7.0476322056688800e-02 2.0492343318121473e-02
    9.9767735364636034e-01 -6.4961233720791114e-02
    7.1941298999419007e-02 6.3335008924303174e-02 9.9539596449997447e-01</data></R1>
</opencv_storage>
