<?xml version="1.0"?>
<opencv_storage>
<R2 type_id="opencv-matrix">
  <rows>3</rows>
  <cols>3</cols>
  <dt>d</dt>
  <data>
    9.9427602086425204e-01 -4.3475962108545763e-02
    9.7596286061948020e-02 3.7112047479187928e-02 9.9712251675613328e-01
    6.6101304902528663e-02 -1.0018927221140893e-01
    -6.2100944410297461e-02 9.9302849024441253e-01</data></R2>
</opencv_storage>
