<?xml version="1.0"?>
<opencv_storage>
<R2 type_id="opencv-matrix">
  <rows>3</rows>
  <cols>3</cols>
  <dt>d</dt>
  <data>
    9.9931306608847115e-01 -2.0702408908040294e-02
    -3.0737700145964608e-02 2.2371610435256338e-02
    9.9823609846440620e-01 5.4992751968720138e-02 2.9544999431241642e-02
    -5.5642627435845776e-02 9.9801352246382102e-01</data></R2>
</opencv_storage>
