<?xml version="1.0"?>
<opencv_storage>
<M1 type_id="opencv-matrix">
  <rows>3</rows>
  <cols>3</cols>
  <dt>d</dt>
  <data>
    183.250493 0. 203.265628 0.
    182.810024 115.533531 0. 0. 1.</data></M1>
</opencv_storage>
