<?xml version="1.0"?>
<opencv_storage>
<R2 type_id="opencv-matrix">
  <rows>3</rows>
  <cols>3</cols>
  <dt>d</dt>
  <data>
    9.9755599646527271e-01 -3.6234687408371297e-02
    5.9741788930315995e-02 3.2108990509528867e-02 9.9712541363452778e-01
    6.8628873024630915e-02 -6.2056801759644294e-02
    -6.6542895282588554e-02 9.9585189483314973e-01</data></R2>
</opencv_storage>
