<?xml version="1.0"?>
<opencv_storage>
<D1 type_id="opencv-matrix">
  <rows>1</rows>
  <cols>8</cols>
  <dt>d</dt>
  <data>
    -8.3536755577170801e-02 -2.1094748723196194e-01
    -1.1819110488890980e-03 -7.5525853358496503e-05
    -1.5244369264460617e-01 1.8680587458764331e-01
    -1.4959763027487952e-01 -3.2721532145552040e-01</data></D1>
</opencv_storage>
