<?xml version="1.0"?>
<opencv_storage>
<D2 type_id="opencv-matrix">
  <rows>1</rows>
  <cols>8</cols>
  <dt>d</dt>
  <data>
    3.5484259786393346e-01 -1.5443291572086523e-01
    2.0682396673474160e-03 -1.3395893425024183e-03
    -2.0192166251086160e-02 6.8191910929322486e-01
    -1.0889357513038656e-01 -6.8833848442080597e-02</data></D2>
</opencv_storage>
