<?xml version="1.0"?>
<opencv_storage>
<M2 type_id="opencv-matrix">
  <rows>3</rows>
  <cols>3</cols>
  <dt>d</dt>
  <data>
    1.8151572640671691e+02 0. 1.8529778073107181e+02 0.
    1.8039546837176670e+02 1.1045960095645160e+02 0. 0. 1.</data></M2>
</opencv_storage>
