<?xml version="1.0"?>
<opencv_storage>
<Q type_id="opencv-matrix">
  <rows>4</rows>
  <cols>4</cols>
  <dt>d</dt>
  <data>
    1. 0. 0. -2.0232609558105469e+02 0. 1. 0. -1.0251786804199219e+02 0.
    0. 0. 1.6350201982494804e+02 0. 0. 2.9650006718712971e-02
    -2.9858277475898731e+00</data></Q>
</opencv_storage>
