<?xml version="1.0"?>
<opencv_storage>
<R1 type_id="opencv-matrix">
  <rows>3</rows>
  <cols>3</cols>
  <dt>d</dt>
  <data>
    9.9936641083417177e-01 -3.4961311651961681e-02
    6.6696014873456055e-03 3.5274516930746493e-02 9.9787769371607760e-01
    -5.4734055570406767e-02 -4.7418721754249812e-03
    5.4934643636382216e-02 9.9847869260030553e-01</data></R1>
</opencv_storage>
