<?xml version="1.0"?>
<opencv_storage>
<R2 type_id="opencv-matrix">
  <rows>3</rows>
  <cols>3</cols>
  <dt>d</dt>
  <data>
    9.9631689996580153e-01 -4.5101391718956933e-02
    7.2928041983508884e-02 4.1030107496316068e-02 9.9756524654560907e-01
    5.6392456616455873e-02 -7.5293858457220628e-02
    -5.3192512155484033e-02 9.9574162890240381e-01</data></R2>
</opencv_storage>
