<?xml version="1.0"?>
<opencv_storage>
<M1 type_id="opencv-matrix">
  <rows>3</rows>
  <cols>3</cols>
  <dt>d</dt>
  <data>
    3.2372278999999997e+02 0. 1.7293087100000000e+02 0.
    3.2378954099999999e+02 1.0501982000000000e+02 0. 0. 1.</data></M1>
</opencv_storage>
