<?xml version="1.0"?>
<opencv_storage>
<P1 type_id="opencv-matrix">
  <rows>3</rows>
  <cols>4</cols>
  <dt>d</dt>
  <data>
    3.1508575982012809e+02 0. 1.4812757492065430e+02 0. 0.
    3.1508575982012809e+02 9.9971530914306641e+01 0. 0. 0. 1. 0.</data></P1>
</opencv_storage>
