<?xml version="1.0"?>
<opencv_storage>
<P2 type_id="opencv-matrix">
  <rows>3</rows>
  <cols>4</cols>
  <dt>d</dt>
  <data>
    3.1508575982012809e+02 0. 1.1545734405517578e+02
    -1.0388555398428424e+02 0. 3.1508575982012809e+02
    9.9971530914306641e+01 0. 0. 0. 1. 0.</data></P2>
</opencv_storage>
