<?xml version="1.0"?>
<opencv_storage>
<P2 type_id="opencv-matrix">
  <rows>3</rows>
  <cols>4</cols>
  <dt>d</dt>
  <data>
    3.1431731609130696e+02 0. 1.2376850700378418e+02
    -1.0644014758379005e+02 0. 3.1431731609130696e+02
    9.9525991439819336e+01 0. 0. 0. 1. 0.</data></P2>
</opencv_storage>
