<?xml version="1.0"?>
<opencv_storage>
<Q type_id="opencv-matrix">
  <rows>4</rows>
  <cols>4</cols>
  <dt>d</dt>
  <data>
    1. 0. 0. -1.4812757492065430e+02 0. 1. 0. -9.9971530914306641e+01 0.
    0. 0. 3.1508575982012809e+02 0. 0. 3.0330084187431310e+00
    -9.9089085257278029e+01</data></Q>
</opencv_storage>
