<?xml version="1.0"?>
<opencv_storage>
<Q type_id="opencv-matrix">
  <rows>4</rows>
  <cols>4</cols>
  <dt>d</dt>
  <data>
    1. 0. 0. -1.6091351699829102e+02 0. 1. 0. -9.9525991439819336e+01 0.
    0. 0. 3.1431731609130696e+02 0. 0. 2.9529958688179692e+00
    -1.0968906106098086e+02</data></Q>
</opencv_storage>
