<?xml version="1.0"?>
<opencv_storage>
<R1 type_id="opencv-matrix">
  <rows>3</rows>
  <cols>3</cols>
  <dt>d</dt>
  <data>
    9.9828610845845667e-01 4.2013071623460303e-02 4.0739998424550908e-02
    -4.2333458435553029e-02 9.9907878144043250e-01
    7.0332618596042878e-03 -4.0406979047631339e-02
    -8.7458726415638385e-03 9.9914502738890809e-01</data></R1>
</opencv_storage>
