<?xml version="1.0"?>
<opencv_storage>
<R1 type_id="opencv-matrix">
  <rows>3</rows>
  <cols>3</cols>
  <dt>d</dt>
  <data>
    9.9963035582395232e-01 2.5189655588621362e-02 1.0229025691874581e-02
    -2.5230157142728565e-02 9.9967425565226686e-01
    3.8499034584739632e-03 -1.0128715902404238e-02
    -4.1065602897052134e-03 9.9994027085459236e-01</data></R1>
</opencv_storage>
