<?xml version="1.0"?>
<opencv_storage>
<R2 type_id="opencv-matrix">
  <rows>3</rows>
  <cols>3</cols>
  <dt>d</dt>
  <data>
    9.9277883712179749e-01 -4.7864235144080752e-02
    1.0999634338087610e-01 4.8302278540163140e-02 9.9883189198330891e-01
    -1.3196381595845142e-03 -1.0980469229919074e-01
    6.6231828538763542e-03 9.9393111582139548e-01</data></R2>
</opencv_storage>
