<?xml version="1.0"?>
<opencv_storage>
<R2 type_id="opencv-matrix">
  <rows>3</rows>
  <cols>3</cols>
  <dt>d</dt>
  <data>
    9.9109152161517722e-01 -3.4803331686270388e-02
    1.2855475053862495e-01 3.5819186276631908e-02 9.9934260849608147e-01
    -5.5979227154004689e-03 -1.2827541337681425e-01
    1.0152780298179405e-02 9.9168661348997966e-01</data></R2>
</opencv_storage>
