<?xml version="1.0"?>
<opencv_storage>
<D1 type_id="opencv-matrix">
  <rows>1</rows>
  <cols>8</cols>
  <dt>d</dt>
  <data>
    -1.2335381276305551e-02 2.5623705045620071e-01
    -1.0369658133831149e-03 -3.0551000025254155e-02
    -1.7105996219918035e-01 1.6344460470810496e-01
    3.3195011200819263e-01 -2.3141262778520019e-01</data></D1>
</opencv_storage>
