<?xml version="1.0"?>
<opencv_storage>
<D2-single type_id="opencv-matrix">
  <rows>1</rows>
  <cols>8</cols>
  <dt>d</dt>
  <data>
    2.8754492340782972e-01 9.9413531717011352e-02 2.3051668723215600e-03
    2.7392188366164700e-04 -5.6928810583747581e-02
    6.0287117771658294e-01 1.8734393356068887e-01
    -8.6121939859872987e-02</data></D2-single>
</opencv_storage>
