<?xml version="1.0"?>
<opencv_storage>
<D2 type_id="opencv-matrix">
  <rows>1</rows>
  <cols>8</cols>
  <dt>d</dt>
  <data>
    3.1930838316292975e-01 -3.5779622135203032e-01
    -3.3746212494541166e-03 -8.2461467178846729e-04
    -4.6256546201332804e-01 6.4863687496474776e-01
    -1.7305129483502590e-01 -8.3146669154367658e-01</data></D2>
</opencv_storage>
