<?xml version="1.0"?>
<opencv_storage>
<M1 type_id="opencv-matrix">
  <rows>3</rows>
  <cols>3</cols>
  <dt>d</dt>
  <data>
    1.7682983848901156e+02 0. 1.7895604217125475e+02 0.
    1.6578451937862340e+02 1.2443889117572844e+02 0. 0. 1.</data></M1>
</opencv_storage>
