<?xml version="1.0"?>
<opencv_storage>
<M2 type_id="opencv-matrix">
  <rows>3</rows>
  <cols>3</cols>
  <dt>d</dt>
  <data>
    1.8741009311313564e+02 0. 1.8290342660171621e+02 0.
    1.8506555121794776e+02 1.1542082292883856e+02 0. 0. 1.</data></M2>
</opencv_storage>
