<?xml version="1.0"?>
<opencv_storage>
<P2 type_id="opencv-matrix">
  <rows>3</rows>
  <cols>4</cols>
  <dt>d</dt>
  <data>
    1.6208326181544189e+02 0. 2.6354891586303711e+02
    -5.3667180661372677e+03 0. 1.6208326181544189e+02
    1.1761717319488525e+02 0. 0. 0. 1. 0.</data></P2>
</opencv_storage>
