<?xml version="1.0"?>
<opencv_storage>
<Q type_id="opencv-matrix">
  <rows>4</rows>
  <cols>4</cols>
  <dt>d</dt>
  <data>
    1. 0. 0. -2.8254766845703125e+02 0. 1. 0. -1.1761717319488525e+02 0.
    0. 0. 1.6208326181544189e+02 0. 0. 3.0201560771032348e-02
    -5.7379198104132245e-01</data></Q>
</opencv_storage>
