<?xml version="1.0"?>
<opencv_storage>
<R1 type_id="opencv-matrix">
  <rows>3</rows>
  <cols>3</cols>
  <dt>d</dt>
  <data>
    9.5304364529033780e-01 -2.6929323829719354e-02
    -3.0163325693593340e-01 1.4537473140059614e-02
    9.9895839403378872e-01 -4.3252616847254739e-02
    3.0248383766146369e-01 3.6836646257599102e-02 9.5244243366519821e-01</data></R1>
</opencv_storage>
