<?xml version="1.0"?>
<opencv_storage>
<R2 type_id="opencv-matrix">
  <rows>3</rows>
  <cols>3</cols>
  <dt>d</dt>
  <data>
    9.8897995258106375e-01 -2.6909593033180738e-02
    -1.4558340288489463e-01 3.2803209761424354e-02
    9.9873023425251950e-01 3.8234390530715798e-02 1.4436967417745650e-01
    -4.2588648636648331e-02 9.8860690073719337e-01</data></R2>
</opencv_storage>
