<?xml version="1.0"?>
<opencv_storage>
<D1-single type_id="opencv-matrix">
  <rows>1</rows>
  <cols>8</cols>
  <dt>d</dt>
  <data>
    1.1664112259935457e+01 4.6215175194847602e-01 1.8400996720146254e-03
    1.5463694307435425e-03 2.6677766706785180e+00 1.2777008033696486e+01
    2.7918224946751771e+00 4.4044530246899170e+00</data></D1-single>
</opencv_storage>
