<?xml version="1.0"?>
<opencv_storage>
<M1 type_id="opencv-matrix">
  <rows>3</rows>
  <cols>3</cols>
  <dt>d</dt>
  <data>
    1.9372085296386336e+02 0. 1.9498008610933283e+02 0.
    1.9255684689405209e+02 1.1250535297862787e+02 0. 0. 1.</data></M1>
</opencv_storage>
