<?xml version="1.0"?>
<opencv_storage>
<P2 type_id="opencv-matrix">
  <rows>3</rows>
  <cols>4</cols>
  <dt>d</dt>
  <data>
    1.8039546837176670e+02 0. 8.3954116821289062e+01
    -6.0871671610920494e+03 0. 1.8039546837176670e+02
    9.9945886611938477e+01 0. 0. 0. 1. 0.</data></P2>
</opencv_storage>
