<?xml version="1.0"?>
<opencv_storage>
<Q type_id="opencv-matrix">
  <rows>4</rows>
  <cols>4</cols>
  <dt>d</dt>
  <data>
    1. 0. 0. -2.0142002105712891e+02 0. 1. 0. -9.9945886611938477e+01 0.
    0. 0. 1.8039546837176670e+02 0. 0. 2.9635372842201267e-02
    -3.4811458682754228e+00</data></Q>
</opencv_storage>
