<?xml version="1.0"?>
<opencv_storage>
<R1 type_id="opencv-matrix">
  <rows>3</rows>
  <cols>3</cols>
  <dt>d</dt>
  <data>
    9.9947864052343660e-01 -3.1381582029464401e-02
    7.5923281509019044e-03 3.1792364516148801e-02 9.9757241660903540e-01
    -6.1955784066393474e-02 -5.6296266213047078e-03
    6.2164860895342233e-02 9.9805001747105215e-01</data></R1>
</opencv_storage>
