<?xml version="1.0"?>
<opencv_storage>
<R2 type_id="opencv-matrix">
  <rows>3</rows>
  <cols>3</cols>
  <dt>d</dt>
  <data>
    9.9554282235034586e-01 -4.9708143554984166e-02
    8.0147297715047833e-02 4.4631923749405000e-02 9.9695582753314971e-01
    6.3930191069008949e-02 -8.3081166633207082e-02
    -6.0068114769899178e-02 9.9473078837384710e-01</data></R2>
</opencv_storage>
