<?xml version="1.0"?>
<opencv_storage>
<D1 type_id="opencv-matrix">
  <rows>1</rows>
  <cols>5</cols>
  <dt>d</dt>
  <data>
    -3.0112899999999998e-01 1.1634799999999999e-01
    -3.1224999999999999e-02 4.5230000000000001e-03
    -2.5599999999999999e-04</data></D1>
</opencv_storage>
