<?xml version="1.0"?>
<opencv_storage>
<M1 type_id="opencv-matrix">
  <rows>3</rows>
  <cols>3</cols>
  <dt>d</dt>
  <data>
    1.8325049300000001e+02 0. 2.0326562799999999e+02 0.
    1.8281002400000000e+02 1.1553353100000000e+02 0. 0. 1.</data></M1>
</opencv_storage>
