<?xml version="1.0"?>
<opencv_storage>
<M2 type_id="opencv-matrix">
  <rows>3</rows>
  <cols>3</cols>
  <dt>d</dt>
  <data>
    1.8361148299999999e+02 0. 1.8454969000000000e+02 0.
    1.8311538300000001e+02 1.1307876100000000e+02 0. 0. 1.</data></M2>
</opencv_storage>
