<?xml version="1.0"?>
<opencv_storage>
<P1 type_id="opencv-matrix">
  <rows>3</rows>
  <cols>4</cols>
  <dt>d</dt>
  <data>
    1.0087052939110482e+02 0. 2.0016247367858887e+02 0. 0.
    1.0087052939110482e+02 1.0629545164108276e+02 0. 0. 0. 1. 0.</data></P1>
</opencv_storage>
