<?xml version="1.0"?>
<opencv_storage>
<P2 type_id="opencv-matrix">
  <rows>3</rows>
  <cols>4</cols>
  <dt>d</dt>
  <data>
    1.0087052939110482e+02 0. 1.9785079193115234e+02
    -3.7256771662516021e+03 0. 1.0087052939110482e+02
    1.0629545164108276e+02 0. 0. 0. 1. 0.</data></P2>
</opencv_storage>
