<?xml version="1.0"?>
<opencv_storage>
<Q type_id="opencv-matrix">
  <rows>4</rows>
  <cols>4</cols>
  <dt>d</dt>
  <data>
    1. 0. 0. -2.0016247367858887e+02 0. 1. 0. -1.0629545164108276e+02 0.
    0. 0. 1.0087052939110482e+02 0. 0. 2.7074414902295601e-02
    -6.2587430752160153e-02</data></Q>
</opencv_storage>
