<?xml version="1.0"?>
<opencv_storage>
<R1 type_id="opencv-matrix">
  <rows>3</rows>
  <cols>3</cols>
  <dt>d</dt>
  <data>
    9.9997701766645408e-01 6.4445570788733558e-03
    -2.1051895309244888e-03 -6.5370372421212786e-03
    9.9885655993668665e-01 -4.7358629789546872e-02
    1.7975769800180272e-03 4.7371303080086163e-02 9.9887573219169545e-01</data></R1>
</opencv_storage>
