<?xml version="1.0"?>
<opencv_storage>
<R2 type_id="opencv-matrix">
  <rows>3</rows>
  <cols>3</cols>
  <dt>d</dt>
  <data>
    9.9870611280694122e-01 -3.2803627294915136e-02
    -3.8859005112658371e-02 3.4607947270207128e-02
    9.9830891008932821e-01 4.6707708378814689e-02 3.7261108783715413e-02
    -4.7992104273037801e-02 9.9815247717954103e-01</data></R2>
</opencv_storage>
