<?xml version="1.0"?>
<opencv_storage>
<P1 type_id="opencv-matrix">
  <rows>3</rows>
  <cols>4</cols>
  <dt>d</dt>
  <data>
    1.8039546837176670e+02 0. 1.9745635986328125e+02 0. 0.
    1.8039546837176670e+02 1.0102472305297852e+02 0. 0. 0. 1. 0.</data></P1>
</opencv_storage>
