<?xml version="1.0"?>
<opencv_storage>
<Q type_id="opencv-matrix">
  <rows>4</rows>
  <cols>4</cols>
  <dt>d</dt>
  <data>
    1. 0. 0. -1.9745635986328125e+02 0. 1. 0. -1.0102472305297852e+02 0.
    0. 0. 1.8039546837176670e+02 0. 0. 2.8325592980940326e-02
    -2.5990650591275495e+00</data></Q>
</opencv_storage>
