<?xml version="1.0"?>
<opencv_storage>
<R1 type_id="opencv-matrix">
  <rows>3</rows>
  <cols>3</cols>
  <dt>d</dt>
  <data>
    9.9972472944430446e-01 -1.9365988524544422e-02
    1.3244765984328034e-02 2.0217415880406524e-02 9.9751454879346713e-01
    -6.7498007677890409e-02 -1.1904681122612407e-02
    6.7747202405952417e-02 9.9763149265324214e-01</data></R1>
</opencv_storage>
