<?xml version="1.0"?>
<opencv_storage>
<P2 type_id="opencv-matrix">
  <rows>3</rows>
  <cols>4</cols>
  <dt>d</dt>
  <data>
    3.2084795726539284e+02 0. 1.2269620513916016e+02
    -1.0689924618354198e+02 0. 3.2084795726539284e+02
    1.0109172344207764e+02 0. 0. 0. 1. 0.</data></P2>
</opencv_storage>
