<?xml version="1.0"?>
<opencv_storage>
<Q type_id="opencv-matrix">
  <rows>4</rows>
  <cols>4</cols>
  <dt>d</dt>
  <data>
    1. 0. 0. -1.6117237854003906e+02 0. 1. 0. -1.0109172344207764e+02 0.
    0. 0. 3.2084795726539284e+02 0. 0. 3.0014052364271024e+00
    -1.1548258832307515e+02</data></Q>
</opencv_storage>
