<?xml version="1.0"?>
<opencv_storage>
<R1 type_id="opencv-matrix">
  <rows>3</rows>
  <cols>3</cols>
  <dt>d</dt>
  <data>
    9.9848980036423896e-01 5.4286487596227145e-02 8.4318345006875670e-03
    -5.4430215969383744e-02 9.9835763965382351e-01
    1.7871064164527703e-02 -7.4478290869591096e-03
    -1.8303021862826320e-02 9.9980474555414089e-01</data></R1>
</opencv_storage>
