<?xml version="1.0"?>
<opencv_storage>
<M1 type_id="opencv-matrix">
  <rows>3</rows>
  <cols>3</cols>
  <dt>d</dt>
  <data>
    3.2089740100000000e+02 0. 1.9724821100000000e+02 0.
    3.2071536099999997e+02 1.0257958900000000e+02 0. 0. 1.</data></M1>
</opencv_storage>
