<?xml version="1.0"?>
<opencv_storage>
<M2 type_id="opencv-matrix">
  <rows>3</rows>
  <cols>3</cols>
  <dt>d</dt>
  <data>
    3.1956258600000001e+02 0. 1.9330879100000001e+02 0.
    3.1891118899999998e+02 1.0722894200000000e+02 0. 0. 1.</data></M2>
</opencv_storage>
