<?xml version="1.0"?>
<opencv_storage>
<P1 type_id="opencv-matrix">
  <rows>3</rows>
  <cols>4</cols>
  <dt>d</dt>
  <data>
    3.6568167246850510e+02 0. 2.1075539016723633e+02 0. 0.
    3.6568167246850510e+02 1.0292405414581299e+02 0. 0. 0. 1. 0.</data></P1>
</opencv_storage>
