<?xml version="1.0"?>
<opencv_storage>
<P2 type_id="opencv-matrix">
  <rows>3</rows>
  <cols>4</cols>
  <dt>d</dt>
  <data>
    3.6568167246850510e+02 0. 1.7817345809936523e+02
    -1.2244526575630654e+02 0. 3.6568167246850510e+02
    1.0292405414581299e+02 0. 0. 0. 1. 0.</data></P2>
</opencv_storage>
