<?xml version="1.0"?>
<opencv_storage>
<Q type_id="opencv-matrix">
  <rows>4</rows>
  <cols>4</cols>
  <dt>d</dt>
  <data>
    1. 0. 0. -2.1075539016723633e+02 0. 1. 0. -1.0292405414581299e+02 0.
    0. 0. 3.6568167246850510e+02 0. 0. 2.9864909044037149e+00
    -9.7305643768596738e+01</data></Q>
</opencv_storage>
