<?xml version="1.0"?>
<opencv_storage>
<R1 type_id="opencv-matrix">
  <rows>3</rows>
  <cols>3</cols>
  <dt>d</dt>
  <data>
    9.9974018039369150e-01 -1.7154995857343008e-02
    -1.5009257927148873e-02 1.6159954728764678e-02
    9.9781413735461510e-01 -6.4076541405022350e-02
    1.6075682553266996e-02 6.3817344134645820e-02 9.9783210963470548e-01</data></R1>
</opencv_storage>
