<?xml version="1.0"?>
<opencv_storage>
<R2 type_id="opencv-matrix">
  <rows>3</rows>
  <cols>3</cols>
  <dt>d</dt>
  <data>
    9.9814095065281006e-01 -4.2946124468038180e-02
    4.3246653316531700e-02 4.0091177335176545e-02 9.9708944752151862e-01
    6.4848524587011069e-02 -4.5905774471017659e-02
    -6.2994158732445377e-02 9.9695756972692051e-01</data></R2>
</opencv_storage>
