<?xml version="1.0"?>
<opencv_storage>
<P1 type_id="opencv-matrix">
  <rows>3</rows>
  <cols>4</cols>
  <dt>d</dt>
  <data>
    3.8688804701043665e+02 0. 2.0595168304443359e+02 0. 0.
    3.8688804701043665e+02 1.0283798027038574e+02 0. 0. 0. 1. 0.</data></P1>
</opencv_storage>
