<?xml version="1.0"?>
<opencv_storage>
<Q type_id="opencv-matrix">
  <rows>4</rows>
  <cols>4</cols>
  <dt>d</dt>
  <data>
    1. 0. 0. -2.0595168304443359e+02 0. 1. 0. -1.0283798027038574e+02 0.
    0. 0. 3.8688804701043665e+02 0. 0. 2.9558964475623561e+00
    -9.2402513229535387e+01</data></Q>
</opencv_storage>
