<?xml version="1.0"?>
<opencv_storage>
<R1 type_id="opencv-matrix">
  <rows>3</rows>
  <cols>3</cols>
  <dt>d</dt>
  <data>
    9.9979992080689750e-01 -1.9793190841577993e-02
    -2.8892820614321336e-03 1.9499665431717862e-02
    9.9662079122741221e-01 -7.9791989205043851e-02
    4.4588566441082292e-03 7.9719684454691894e-02 9.9680734874291110e-01</data></R1>
</opencv_storage>
