<?xml version="1.0"?>
<opencv_storage>
<R2 type_id="opencv-matrix">
  <rows>3</rows>
  <cols>3</cols>
  <dt>d</dt>
  <data>
    9.9807457950783340e-01 -3.4718496657317362e-02
    5.1398051812469064e-02 3.0506309133605320e-02 9.9628096263049060e-01
    8.0582929973460893e-02 -5.4004618721978953e-02
    -7.8859809091314917e-02 9.9542183604076873e-01</data></R2>
</opencv_storage>
