<?xml version="1.0"?>
<opencv_storage>
<D2 type_id="opencv-matrix">
  <rows>1</rows>
  <cols>5</cols>
  <dt>d</dt>
  <data>
    -4.1416900000000001e-01 2.2568299999999999e-01
    2.0880000000000000e-03 -2.4610000000000001e-03
    -7.3583999999999997e-02</data></D2>
</opencv_storage>
