<?xml version="1.0"?>
<opencv_storage>
<M2 type_id="opencv-matrix">
  <rows>3</rows>
  <cols>3</cols>
  <dt>d</dt>
  <data>
    3.2350904300000002e+02 0. 1.7620124999999999e+02 0.
    3.2322419400000001e+02 1.0225422700000000e+02 0. 0. 1.</data></M2>
</opencv_storage>
