<?xml version="1.0"?>
<opencv_storage>
<P1 type_id="opencv-matrix">
  <rows>3</rows>
  <cols>4</cols>
  <dt>d</dt>
  <data>
    3.2733290188925940e+02 0. 1.4866121673583984e+02 0. 0.
    3.2733290188925940e+02 9.9873944282531738e+01 0. 0. 0. 1. 0.</data></P1>
</opencv_storage>
