<?xml version="1.0"?>
<opencv_storage>
<P2 type_id="opencv-matrix">
  <rows>3</rows>
  <cols>4</cols>
  <dt>d</dt>
  <data>
    3.2733290188925940e+02 0. 1.1575786018371582e+02
    -1.1006386048271554e+02 0. 3.2733290188925940e+02
    9.9873944282531738e+01 0. 0. 0. 1. 0.</data></P2>
</opencv_storage>
