<?xml version="1.0"?>
<opencv_storage>
<Q type_id="opencv-matrix">
  <rows>4</rows>
  <cols>4</cols>
  <dt>d</dt>
  <data>
    1. 0. 0. -1.4866121673583984e+02 0. 1. 0. -9.9873944282531738e+01 0.
    0. 0. 3.2733290188925940e+02 0. 0. 2.9740270825832411e+00
    -9.7855473493909585e+01</data></Q>
</opencv_storage>
