<?xml version="1.0"?>
<opencv_storage>
<R1 type_id="opencv-matrix">
  <rows>3</rows>
  <cols>3</cols>
  <dt>d</dt>
  <data>
    9.9874589021453763e-01 3.0371668581311680e-02 3.9802117119042198e-02
    -3.1245591061985368e-02 9.9928000813023776e-01
    2.1521579645071794e-02 -3.9119813633990752e-02
    -2.2738229896343158e-02 9.9897578202998638e-01</data></R1>
</opencv_storage>
