<?xml version="1.0"?>
<opencv_storage>
<R2 type_id="opencv-matrix">
  <rows>3</rows>
  <cols>3</cols>
  <dt>d</dt>
  <data>
    9.9124305787599842e-01 -3.2118810799554601e-02
    1.2808427774501702e-01 3.4952514570569825e-02 9.9919008719181956e-01
    -1.9937185929768449e-02 -1.2734018194519103e-01
    2.4239464730609617e-02 9.9156287062986537e-01</data></R2>
</opencv_storage>
