<?xml version="1.0"?>
<opencv_storage>
<D1 type_id="opencv-matrix">
  <rows>1</rows>
  <cols>5</cols>
  <dt>d</dt>
  <data>
    -4.1576099999999999e-01 2.2494600000000001e-01
    -2.1740000000000002e-03 -4.8299999999999998e-04
    -7.4686000000000002e-02</data></D1>
</opencv_storage>
