<?xml version="1.0"?>
<opencv_storage>
<D2 type_id="opencv-matrix">
  <rows>1</rows>
  <cols>5</cols>
  <dt>d</dt>
  <data>
    -4.2175600000000002e-01 2.0548300000000000e-01
    3.4949999999999998e-03 -2.1180000000000001e-03
    -4.4967000000000000e-02</data></D2>
</opencv_storage>
