<?xml version="1.0"?>
<opencv_storage>
<D2 type_id="opencv-matrix">
  <rows>1</rows>
  <cols>5</cols>
  <dt>d</dt>
  <data>
    -4.2405300000000001e-01 2.3252999999999999e-01
    1.5800000000000000e-03 -1.0640000000000001e-03
    -7.5662999999999994e-02</data></D2>
</opencv_storage>
