<?xml version="1.0"?>
<opencv_storage>
<M1 type_id="opencv-matrix">
  <rows>3</rows>
  <cols>3</cols>
  <dt>d</dt>
  <data>
    3.2429341299999999e+02 0. 2.0261513299999999e+02 0.
    3.2364806599999997e+02 1.2117038500000000e+02 0. 0. 1.</data></M1>
</opencv_storage>
