<?xml version="1.0"?>
<opencv_storage>
<M2 type_id="opencv-matrix">
  <rows>3</rows>
  <cols>3</cols>
  <dt>d</dt>
  <data>
    3.2080216700000000e+02 0. 1.9229606699999999e+02 0.
    3.2032897200000002e+02 1.1982594300000000e+02 0. 0. 1.</data></M2>
</opencv_storage>
