<?xml version="1.0"?>
<opencv_storage>
<M2 type_id="opencv-matrix">
  <rows>3</rows>
  <cols>3</cols>
  <dt>d</dt>
  <data>
    3.2413712099999998e+02 0. 1.8565823300000000e+02 0.
    3.2356199199999998e+02 1.0363632100000000e+02 0. 0. 1.</data></M2>
</opencv_storage>
