<?xml version="1.0"?>
<opencv_storage>
<P1 type_id="opencv-matrix">
  <rows>3</rows>
  <cols>4</cols>
  <dt>d</dt>
  <data>
    3.2193550250897880e+02 0. 1.7400285339355469e+02 0. 0.
    3.2193550250897880e+02 1.2062637424468994e+02 0. 0. 0. 1. 0.</data></P1>
</opencv_storage>
