<?xml version="1.0"?>
<opencv_storage>
<P1 type_id="opencv-matrix">
  <rows>3</rows>
  <cols>4</cols>
  <dt>d</dt>
  <data>
    3.2917484161464336e+02 0. 1.7190108108520508e+02 0. 0.
    3.2917484161464336e+02 1.2062655067443848e+02 0. 0. 0. 1. 0.</data></P1>
</opencv_storage>
