<?xml version="1.0"?>
<opencv_storage>
<P1 type_id="opencv-matrix">
  <rows>3</rows>
  <cols>4</cols>
  <dt>d</dt>
  <data>
    3.1504302086402515e+02 0. 1.8035221099853516e+02 0. 0.
    3.1504302086402515e+02 1.1130406665802002e+02 0. 0. 0. 1. 0.</data></P1>
</opencv_storage>
