<?xml version="1.0"?>
<opencv_storage>
<P1 type_id="opencv-matrix">
  <rows>3</rows>
  <cols>4</cols>
  <dt>d</dt>
  <data>
    3.3047819055274675e+02 0. 1.7516248703002930e+02 0. 0.
    3.3047819055274675e+02 1.2062763118743896e+02 0. 0. 0. 1. 0.</data></P1>
</opencv_storage>
