<?xml version="1.0"?>
<opencv_storage>
<P1 type_id="opencv-matrix">
  <rows>3</rows>
  <cols>4</cols>
  <dt>d</dt>
  <data>
    3.2298555347923843e+02 0. 1.8507944107055664e+02 0. 0.
    3.2298555347923843e+02 1.1135898685455322e+02 0. 0. 0. 1. 0.</data></P1>
</opencv_storage>
