<?xml version="1.0"?>
<opencv_storage>
<P2 type_id="opencv-matrix">
  <rows>3</rows>
  <cols>4</cols>
  <dt>d</dt>
  <data>
    3.2193550250897880e+02 0. 1.9050278472900391e+02
    -1.0515104933040575e+02 0. 3.2193550250897880e+02
    1.2062637424468994e+02 0. 0. 0. 1. 0.</data></P2>
</opencv_storage>
