<?xml version="1.0"?>
<opencv_storage>
<P2 type_id="opencv-matrix">
  <rows>3</rows>
  <cols>4</cols>
  <dt>d</dt>
  <data>
    3.2917484161464336e+02 0. 1.9285990142822266e+02
    -1.0909074709887895e+02 0. 3.2917484161464336e+02
    1.2062655067443848e+02 0. 0. 0. 1. 0.</data></P2>
</opencv_storage>
