<?xml version="1.0"?>
<opencv_storage>
<P2 type_id="opencv-matrix">
  <rows>3</rows>
  <cols>4</cols>
  <dt>d</dt>
  <data>
    3.2025145762071145e+02 0. 1.9373822784423828e+02
    -1.0472905265245376e+02 0. 3.2025145762071145e+02
    1.1127050304412842e+02 0. 0. 0. 1. 0.</data></P2>
</opencv_storage>
