<?xml version="1.0"?>
<opencv_storage>
<Q type_id="opencv-matrix">
  <rows>4</rows>
  <cols>4</cols>
  <dt>d</dt>
  <data>
    1. 0. 0. -1.7400285339355469e+02 0. 1. 0. -1.2062637424468994e+02 0.
    0. 0. 3.2193550250897880e+02 0. 0. 3.0616480249987110e+00
    5.0516982185792443e+01</data></Q>
</opencv_storage>
