<?xml version="1.0"?>
<opencv_storage>
<Q type_id="opencv-matrix">
  <rows>4</rows>
  <cols>4</cols>
  <dt>d</dt>
  <data>
    1. 0. 0. -1.8507944107055664e+02 0. 1. 0. -1.1135898685455322e+02 0.
    0. 0. 3.2298555347923843e+02 0. 0. 3.0511140827415524e+00
    2.0534729641984022e+01</data></Q>
</opencv_storage>
