<?xml version="1.0"?>
<opencv_storage>
<Q type_id="opencv-matrix">
  <rows>4</rows>
  <cols>4</cols>
  <dt>d</dt>
  <data>
    1. 0. 0. -1.7516248703002930e+02 0. 1. 0. -1.2062763118743896e+02 0.
    0. 0. 3.3047819055274675e+02 0. 0. 3.0638959702810600e+00
    5.8278177964838704e+01</data></Q>
</opencv_storage>
