<?xml version="1.0"?>
<opencv_storage>
<Q type_id="opencv-matrix">
  <rows>4</rows>
  <cols>4</cols>
  <dt>d</dt>
  <data>
    1. 0. 0. -1.8641977310180664e+02 0. 1. 0. -1.1127050304412842e+02 0.
    0. 0. 3.2025145762071145e+02 0. 0. 3.0579046550098639e+00
    2.2379136824360728e+01</data></Q>
</opencv_storage>
