<?xml version="1.0"?>
<opencv_storage>
<Q type_id="opencv-matrix">
  <rows>4</rows>
  <cols>4</cols>
  <dt>d</dt>
  <data>
    1. 0. 0. -1.8035221099853516e+02 0. 1. 0. -1.1130406665802002e+02 0.
    0. 0. 3.1504302086402515e+02 0. 0. 3.1527325163933160e+00
    1.5429836911886284e+01</data></Q>
</opencv_storage>
