<?xml version="1.0"?>
<opencv_storage>
<Q type_id="opencv-matrix">
  <rows>4</rows>
  <cols>4</cols>
  <dt>d</dt>
  <data>
    1. 0. 0. -1.7190108108520508e+02 0. 1. 0. -1.2062655067443848e+02 0.
    0. 0. 3.2917484161464336e+02 0. 0. 3.0174405288129704e+00
    6.3241993939131007e+01</data></Q>
</opencv_storage>
