<?xml version="1.0"?>
<opencv_storage>
<R1 type_id="opencv-matrix">
  <rows>3</rows>
  <cols>3</cols>
  <dt>d</dt>
  <data>
    9.9709305111636171e-01 2.0789560415929328e-02 7.3302398277114211e-02
    -2.3486944223893153e-02 9.9907105930592621e-01
    3.6130069310177128e-02 -7.2483176437625751e-02
    -3.7746690385342327e-02 9.9665509405132979e-01</data></R1>
</opencv_storage>
