<?xml version="1.0"?>
<opencv_storage>
<R1 type_id="opencv-matrix">
  <rows>3</rows>
  <cols>3</cols>
  <dt>d</dt>
  <data>
    9.9608616873391020e-01 -1.9076118541653281e-02
    8.6304380875972697e-02 1.6607977060653107e-02 9.9943483835958213e-01
    2.9226340364618110e-02 -8.6813130083835774e-02
    -2.7678612222083645e-02 9.9584003477993710e-01</data></R1>
</opencv_storage>
