<?xml version="1.0"?>
<opencv_storage>
<R1 type_id="opencv-matrix">
  <rows>3</rows>
  <cols>3</cols>
  <dt>d</dt>
  <data>
    9.9524835553871116e-01 2.2178423776893393e-02 9.4809431578635583e-02
    -2.4488227710329345e-02 9.9942928184041668e-01
    2.3268805374494963e-02 -9.4239256687956269e-02
    -2.5479955233900967e-02 9.9522345952061431e-01</data></R1>
</opencv_storage>
