<?xml version="1.0"?>
<opencv_storage>
<R1 type_id="opencv-matrix">
  <rows>3</rows>
  <cols>3</cols>
  <dt>d</dt>
  <data>
    9.9804605455269879e-01 -1.1930544695174645e-02
    6.1332985375470966e-02 1.1488177651945850e-02 9.9990542854811937e-01
    7.5601411520642651e-03 -6.1417381627912368e-02
    -6.8407648167616245e-03 9.9808872810521865e-01</data></R1>
</opencv_storage>
