<?xml version="1.0"?>
<opencv_storage>
<R1 type_id="opencv-matrix">
  <rows>3</rows>
  <cols>3</cols>
  <dt>d</dt>
  <data>
    9.9826630153628693e-01 9.4964097771763310e-03 5.8087945551611321e-02
    -1.0053126606865435e-02 9.9990622426899267e-01
    9.2993179079494288e-03 -5.7994188178552383e-02
    -9.8671611657418935e-03 9.9826815699392124e-01</data></R1>
</opencv_storage>
