<?xml version="1.0"?>
<opencv_storage>
<R1 type_id="opencv-matrix">
  <rows>3</rows>
  <cols>3</cols>
  <dt>d</dt>
  <data>
    9.9585100699360207e-01 -1.7655256669271448e-02
    8.9269612868942236e-02 1.5865357136660575e-02 9.9965941749982645e-01
    2.0720507880692039e-02 -8.9605035085953078e-02
    -1.9218244348788837e-02 9.9579194452023734e-01</data></R1>
</opencv_storage>
