<?xml version="1.0"?>
<opencv_storage>
<R2 type_id="opencv-matrix">
  <rows>3</rows>
  <cols>3</cols>
  <dt>d</dt>
  <data>
    9.9985235764337266e-01 1.5808907724643072e-02
    -6.7335987066945574e-03 -1.6047020777503997e-02
    9.9918964836397095e-01 -3.6912595769606274e-02
    6.1445943035674730e-03 3.7015200105331325e-02 9.9929581152029590e-01</data></R2>
</opencv_storage>
