<?xml version="1.0"?>
<opencv_storage>
<R2 type_id="opencv-matrix">
  <rows>3</rows>
  <cols>3</cols>
  <dt>d</dt>
  <data>
    9.9970781049301605e-01 8.5407889394860312e-03
    -2.2613017568444780e-02 -8.7034827499147104e-03
    9.9993687452341584e-01 -7.1060788318399902e-03
    2.2550898591443675e-02 7.3008145185000060e-03 9.9971903807023943e-01</data></R2>
</opencv_storage>
