<?xml version="1.0"?>
<opencv_storage>
<R2 type_id="opencv-matrix">
  <rows>3</rows>
  <cols>3</cols>
  <dt>d</dt>
  <data>
    9.9996392393627231e-01 -8.1904852412499497e-03
    2.2509503517502069e-03 8.2429773294256173e-03 9.9966842993820837e-01
    -2.4394333555644708e-02 -2.0504025750453445e-03
    2.4412008036831877e-02 9.9969987982038377e-01</data></R2>
</opencv_storage>
