<?xml version="1.0"?>
<opencv_storage>
<R2 type_id="opencv-matrix">
  <rows>3</rows>
  <cols>3</cols>
  <dt>d</dt>
  <data>
    9.9998750882484366e-01 -4.8885727213677475e-03
    -1.0411777135505840e-03 4.8569364590063165e-03
    9.9958247785159204e-01 -2.8482979835415968e-02
    1.1799841170414202e-03 2.8477567115528627e-02 9.9959373537886076e-01</data></R2>
</opencv_storage>
