<?xml version="1.0"?>
<opencv_storage>
<R2 type_id="opencv-matrix">
  <rows>3</rows>
  <cols>3</cols>
  <dt>d</dt>
  <data>
    9.9985537037809669e-01 -1.4945558701722709e-02
    8.1159473367168125e-03 1.5104816683896386e-02 9.9968727993672468e-01
    -1.9929547051016190e-02 -7.8155511018024176e-03
    2.0049254544898767e-02 9.9976844546783383e-01</data></R2>
</opencv_storage>
