<?xml version="1.0"?>
<opencv_storage>
<R2 type_id="opencv-matrix">
  <rows>3</rows>
  <cols>3</cols>
  <dt>d</dt>
  <data>
    9.9957083318629247e-01 1.0161379295263897e-02
    -2.7475367405713942e-02 -1.0424357669128966e-02
    9.9990105570541687e-01 -9.4451874718761535e-03
    2.7376672742450960e-02 9.7275469677918659e-03 9.9957785720750258e-01</data></R2>
</opencv_storage>
