<?xml version="1.0"?>
<opencv_storage>
<D1 type_id="opencv-matrix">
  <rows>1</rows>
  <cols>8</cols>
  <dt>d</dt>
  <data>
    8.7169344119323267e-01 9.6571363011453554e-02 1.3771588683429805e-03
    2.3348626270565487e-03 -1.0832028806184493e-01
    1.1688577216413456e+00 4.6142785043542411e-01
    -2.1942667316910980e-01</data></D1>
</opencv_storage>
