<?xml version="1.0"?>
<opencv_storage>
<D1 type_id="opencv-matrix">
  <rows>1</rows>
  <cols>8</cols>
  <dt>d</dt>
  <data>
    -5.6669343763636559e-01 -2.0435500677452290e-03
    1.5159511045194681e-03 1.7133754494325587e-03 2.3064043974475557e-01
    -2.8551146970833424e-01 -1.4075919282639912e-01
    2.8319959075938322e-01</data></D1>
</opencv_storage>
