<?xml version="1.0"?>
<opencv_storage>
<D1 type_id="opencv-matrix">
  <rows>1</rows>
  <cols>8</cols>
  <dt>d</dt>
  <data>
    2.9103943650034103e-02 4.2463669840164248e-01
    -2.5929850539667974e-05 -1.1656846594365045e-03
    -4.5409242281772372e-01 3.7300285132041311e-01
    4.8464022026610898e-01 -5.7325196322375804e-01</data></D1>
</opencv_storage>
