<?xml version="1.0"?>
<opencv_storage>
<D1 type_id="opencv-matrix">
  <rows>1</rows>
  <cols>8</cols>
  <dt>d</dt>
  <data>
    3.4100842992949194e+00 -3.0050944868799721e+01
    -1.9777791609493640e-04 -3.7928515497555160e-02
    -8.2211272895707191e+02 8.0903545562952246e+00
    -5.3730618591970149e+01 -9.9985350175415340e+02</data></D1>
</opencv_storage>
