<?xml version="1.0"?>
<opencv_storage>
<D1 type_id="opencv-matrix">
  <rows>1</rows>
  <cols>8</cols>
  <dt>d</dt>
  <data>
    2.3091019102963588e+00 -5.4548953645584797e-01
    1.1366700477345624e-03 4.5573391153021762e-04 8.8640280382018655e-02
    2.7587422858906145e+00 -5.8206863049763802e-02
    2.9043435473428064e-04</data></D1>
</opencv_storage>
