<?xml version="1.0"?>
<opencv_storage>
<D2 type_id="opencv-matrix">
  <rows>1</rows>
  <cols>8</cols>
  <dt>d</dt>
  <data>
    3.1463429971953314e+00 6.9384820284552520e-02
    -1.7282724820718621e-04 -6.3381707643434069e-03
    -1.6450153512307764e-01 3.3340658402204140e+00
    1.4724545782198015e+00 -5.6034921705853369e-01</data></D2>
</opencv_storage>
