<?xml version="1.0"?>
<opencv_storage>
<D2 type_id="opencv-matrix">
  <rows>1</rows>
  <cols>8</cols>
  <dt>d</dt>
  <data>
    3.2266441862315478e+00 -3.7675042881505701e-02
    4.5547475708753605e-03 -3.3806130486553542e-03
    -3.1464017585860615e-01 3.4125343586939159e+00
    1.2897302769899719e+00 -7.4239712024714066e-01</data></D2>
</opencv_storage>
