<?xml version="1.0"?>
<opencv_storage>
<D2 type_id="opencv-matrix">
  <rows>1</rows>
  <cols>8</cols>
  <dt>d</dt>
  <data>
    9.2741264461933626e-01 4.2769379646721684e-01 9.1236106575311583e-05
    -5.8563590765018652e-05 -2.3466158859767391e-01
    1.2830453688464207e+00 7.6124757035826318e-01
    -3.0649271783722054e-01</data></D2>
</opencv_storage>
