<?xml version="1.0"?>
<opencv_storage>
<D2 type_id="opencv-matrix">
  <rows>1</rows>
  <cols>8</cols>
  <dt>d</dt>
  <data>
    3.6722722899598914e-01 4.4103143577844619e+01
    -2.8915117277045474e-02 -4.5989060603360873e-02
    5.2583883195522901e+02 5.9458615469583742e-01 1.2536627127406658e+02
    -5.6174013260137464e+01</data></D2>
</opencv_storage>
