<?xml version="1.0"?>
<opencv_storage>
<D2 type_id="opencv-matrix">
  <rows>1</rows>
  <cols>8</cols>
  <dt>d</dt>
  <data>
    1.3127381875979369e+01 -2.7058071243210273e+00
    -2.8383317902738742e-04 -2.4747276639629413e-04
    4.8013885154809499e-01 1.3410867997679738e+01 1.5601161985583458e+00
    -7.3847087492145314e-01</data></D2>
</opencv_storage>
