<?xml version="1.0"?>
<opencv_storage>
<M1 type_id="opencv-matrix">
  <rows>3</rows>
  <cols>3</cols>
  <dt>d</dt>
  <data>
    1.9404414730222319e+02 0. 2.1890679483382871e+02 0.
    1.9404414413503653e+02 1.2705274822889758e+02 0. 0. 1.</data></M1>
</opencv_storage>
