<?xml version="1.0"?>
<opencv_storage>
<M1 type_id="opencv-matrix">
  <rows>3</rows>
  <cols>3</cols>
  <dt>d</dt>
  <data>
    8.2257691081407052e+02 0. 1.7214839420101086e+02 0.
    7.5841726400722450e+02 1.2689371944494947e+02 0. 0. 1.</data></M1>
</opencv_storage>
