<?xml version="1.0"?>
<opencv_storage>
<M1 type_id="opencv-matrix">
  <rows>3</rows>
  <cols>3</cols>
  <dt>d</dt>
  <data>
    1.9869191383022550e+02 0. 1.8530639744230078e+02 0.
    1.9869191058717803e+02 1.0947393790556214e+02 0. 0. 1.</data></M1>
</opencv_storage>
