<?xml version="1.0"?>
<opencv_storage>
<M1 type_id="opencv-matrix">
  <rows>3</rows>
  <cols>3</cols>
  <dt>d</dt>
  <data>
    1.9402169174628963e+02 0. 1.8626791782760094e+02 0.
    1.9402168857946950e+02 1.1414830216203627e+02 0. 0. 1.</data></M1>
</opencv_storage>
