<?xml version="1.0"?>
<opencv_storage>
<M1 type_id="opencv-matrix">
  <rows>3</rows>
  <cols>3</cols>
  <dt>d</dt>
  <data>
    1.7418071091972274e+02 0. 1.9337491068745962e+02 0.
    1.7418070807674690e+02 1.1130335104190503e+02 0. 0. 1.</data></M1>
</opencv_storage>
