<?xml version="1.0"?>
<opencv_storage>
<M2 type_id="opencv-matrix">
  <rows>3</rows>
  <cols>3</cols>
  <dt>d</dt>
  <data>
    1.7369741885250917e+02 0. 1.7501135960789750e+02 0.
    1.7369741885250917e+02 1.1127056597129385e+02 0. 0. 1.</data></M2>
</opencv_storage>
