<?xml version="1.0"?>
<opencv_storage>
<M2 type_id="opencv-matrix">
  <rows>3</rows>
  <cols>3</cols>
  <dt>d</dt>
  <data>
    1.9501419915825628e+02 0. 1.6987088876691669e+02 0.
    1.9501419915825628e+02 1.1449353986438958e+02 0. 0. 1.</data></M2>
</opencv_storage>
