<?xml version="1.0"?>
<opencv_storage>
<M2 type_id="opencv-matrix">
  <rows>3</rows>
  <cols>3</cols>
  <dt>d</dt>
  <data>
    1.9377814712104362e+02 0. 1.7363167199428830e+02 0.
    1.9377814712104362e+02 1.1351501532907614e+02 0. 0. 1.</data></M2>
</opencv_storage>
