<?xml version="1.0"?>
<opencv_storage>
<M2 type_id="opencv-matrix">
  <rows>3</rows>
  <cols>3</cols>
  <dt>d</dt>
  <data>
    6.6441742895772177e+02 0. 1.7957690728738186e+02 0.
    6.4642413226000929e+02 1.1732425263611711e+02 0. 0. 1.</data></M2>
</opencv_storage>
