<?xml version="1.0"?>
<opencv_storage>
<M2 type_id="opencv-matrix">
  <rows>3</rows>
  <cols>3</cols>
  <dt>d</dt>
  <data>
    1.9099325769775933e+02 0. 1.7731292313172119e+02 0.
    1.9099325769775933e+02 1.1647827115135560e+02 0. 0. 1.</data></M2>
</opencv_storage>
