<?xml version="1.0"?>
<opencv_storage>
<P1 type_id="opencv-matrix">
  <rows>3</rows>
  <cols>4</cols>
  <dt>d</dt>
  <data>
    4.8769992794679403e+01 0. 1.9398314666748047e+02 0. 0.
    4.8769992794679403e+01 1.2056879329681396e+02 0. 0. 0. 1. 0.</data></P1>
</opencv_storage>
