<?xml version="1.0"?>
<opencv_storage>
<P1 type_id="opencv-matrix">
  <rows>3</rows>
  <cols>4</cols>
  <dt>d</dt>
  <data>
    1.9099325769775933e+02 0. 1.8501716804504395e+02 0. 0.
    1.9099325769775933e+02 9.5480785846710205e+01 0. 0. 0. 1. 0.</data></P1>
</opencv_storage>
