<?xml version="1.0"?>
<opencv_storage>
<P1 type_id="opencv-matrix">
  <rows>3</rows>
  <cols>4</cols>
  <dt>d</dt>
  <data>
    1.7369741885250917e+02 0. 1.8360917663574219e+02 0. 0.
    1.7369741885250917e+02 1.1641634225845337e+02 0. 0. 0. 1. 0.</data></P1>
</opencv_storage>
