<?xml version="1.0"?>
<opencv_storage>
<P2 type_id="opencv-matrix">
  <rows>3</rows>
  <cols>4</cols>
  <dt>d</dt>
  <data>
    4.8769992794679403e+01 0. 1.7072360610961914e+02
    -9.7331716982608759e+02 0. 4.8769992794679403e+01
    1.2056879329681396e+02 0. 0. 0. 1. 0.</data></P2>
</opencv_storage>
