<?xml version="1.0"?>
<opencv_storage>
<P2 type_id="opencv-matrix">
  <rows>3</rows>
  <cols>4</cols>
  <dt>d</dt>
  <data>
    6.4642413226000929e+02 0. -2.9954013442993164e+02
    -2.6798358860734344e+04 0. 6.4642413226000929e+02
    1.1875383377075195e+02 0. 0. 0. 1. 0.</data></P2>
</opencv_storage>
