<?xml version="1.0"?>
<opencv_storage>
<P2 type_id="opencv-matrix">
  <rows>3</rows>
  <cols>4</cols>
  <dt>d</dt>
  <data>
    1.9501419915825628e+02 0. 1.5858018493652344e+02
    -4.4245746840557404e+04 0. 1.9501419915825628e+02
    1.0782278060913086e+02 0. 0. 0. 1. 0.</data></P2>
</opencv_storage>
