<?xml version="1.0"?>
<opencv_storage>
<Q type_id="opencv-matrix">
  <rows>4</rows>
  <cols>4</cols>
  <dt>d</dt>
  <data>
    1. 0. 0. -1.8360917663574219e+02 0. 1. 0. -1.1641634225845337e+02 0.
    0. 0. 1.7369741885250917e+02 0. 0. 4.8922855010048477e-02
    3.4588217184839838e+00</data></Q>
</opencv_storage>
