<?xml version="1.0"?>
<opencv_storage>
<Q type_id="opencv-matrix">
  <rows>4</rows>
  <cols>4</cols>
  <dt>d</dt>
  <data>
    1. 0. 0. -1.8501716804504395e+02 0. 1. 0. -9.5480785846710205e+01 0.
    0. 0. 1.9099325769775933e+02 0. 0. 5.0342886524491426e-02
    -1.6897882035970351e+00</data></Q>
</opencv_storage>
