<?xml version="1.0"?>
<opencv_storage>
<Q type_id="opencv-matrix">
  <rows>4</rows>
  <cols>4</cols>
  <dt>d</dt>
  <data>
    1. 0. 0. -1.9398314666748047e+02 0. 1. 0. -1.2056879329681396e+02 0.
    0. 0. 4.8769992794679403e+01 0. 0. 5.0106989074685318e-02
    -1.1654655446149575e+00</data></Q>
</opencv_storage>
