<?xml version="1.0"?>
<opencv_storage>
<Q type_id="opencv-matrix">
  <rows>4</rows>
  <cols>4</cols>
  <dt>d</dt>
  <data>
    1. 0. 0. 2.4364598083496094e+02 0. 1. 0. -1.1875383377075195e+02 0.
    0. 0. 6.4642413226000929e+02 0. 0. 2.4121780576913117e-02
    -1.3482665085501628e+00</data></Q>
</opencv_storage>
