<?xml version="1.0"?>
<opencv_storage>
<Q type_id="opencv-matrix">
  <rows>4</rows>
  <cols>4</cols>
  <dt>d</dt>
  <data>
    1. 0. 0. -1.2337154769897461e+02 0. 1. 0. -1.0782278060913086e+02 0.
    0. 0. 1.9501419915825628e+02 0. 0. 4.4075241821774054e-03
    1.5518292004600834e-01</data></Q>
</opencv_storage>
