<?xml version="1.0"?>
<opencv_storage>
<R1 type_id="opencv-matrix">
  <rows>3</rows>
  <cols>3</cols>
  <dt>d</dt>
  <data>
    9.9530729195303014e-01 -2.5330703386010348e-02
    9.3390310263407994e-02 2.5005214170470167e-02 9.9967648753951222e-01
    4.6539794748509371e-03 -9.3477985907991001e-02
    -2.2968949983356848e-03 9.9561869730532482e-01</data></R1>
</opencv_storage>
