<?xml version="1.0"?>
<opencv_storage>
<R1 type_id="opencv-matrix">
  <rows>3</rows>
  <cols>3</cols>
  <dt>d</dt>
  <data>
    8.7372927631288910e-01 6.1238143476953543e-03 4.8637398225191880e-01
    -5.5293255675140963e-03 9.9998118180372386e-01
    -2.6575547400129332e-03 -4.8638110394270395e-01
    -3.6733671568579644e-04 8.7374669486711876e-01</data></R1>
</opencv_storage>
