<?xml version="1.0"?>
<opencv_storage>
<R1 type_id="opencv-matrix">
  <rows>3</rows>
  <cols>3</cols>
  <dt>d</dt>
  <data>
    9.9982148677370009e-01 8.2020210660046673e-03 1.7021205482008521e-02
    -8.0474853928435078e-03 9.9992595852191701e-01
    -9.1277298863139244e-03 -1.7094811039608245e-02
    8.9891225633180541e-03 9.9981346415772065e-01</data></R1>
</opencv_storage>
