<?xml version="1.0"?>
<opencv_storage>
<R1 type_id="opencv-matrix">
  <rows>3</rows>
  <cols>3</cols>
  <dt>d</dt>
  <data>
    9.9964834359565669e-01 -5.1056018511774258e-03
    2.6021567519987923e-02 5.1555645584923458e-03 9.9998499256332207e-01
    -1.8533219407077691e-03 -2.6011714679029796e-02
    1.9868260794404652e-03 9.9965966369639370e-01</data></R1>
</opencv_storage>
