<?xml version="1.0"?>
<opencv_storage>
<R1 type_id="opencv-matrix">
  <rows>3</rows>
  <cols>3</cols>
  <dt>d</dt>
  <data>
    9.9973721616486599e-01 -1.1036802876379483e-03
    2.2897172418153759e-02 6.2988178037387294e-04 9.9978575411107173e-01
    2.0689348116804486e-02 -2.2915101218775671e-02
    -2.0669488778831659e-02 9.9952372176439863e-01</data></R1>
</opencv_storage>
