<?xml version="1.0"?>
<opencv_storage>
<R2 type_id="opencv-matrix">
  <rows>3</rows>
  <cols>3</cols>
  <dt>d</dt>
  <data>
    9.9991749490589443e-01 -8.1890180458947439e-03
    9.8966340017545701e-03 8.3919408920527915e-03 9.9975175873701527e-01
    -2.0639676119287957e-02 -9.7251585686283955e-03
    2.0721025208440425e-02 9.9973799587948353e-01</data></R2>
</opencv_storage>
