<?xml version="1.0"?>
<opencv_storage>
<R2 type_id="opencv-matrix">
  <rows>3</rows>
  <cols>3</cols>
  <dt>d</dt>
  <data>
    8.4334038175769688e-01 -1.9664740918851845e-02
    5.3701983060346692e-01 1.9002950067668091e-02 9.9979651737924635e-01
    6.7684359386859958e-03 -5.3704365594009917e-01
    4.4968656778712921e-03 8.4354246473640415e-01</data></R2>
</opencv_storage>
