<?xml version="1.0"?>
<opencv_storage>
<R2 type_id="opencv-matrix">
  <rows>3</rows>
  <cols>3</cols>
  <dt>d</dt>
  <data>
    9.9905587833118858e-01 -4.0121601792945036e-02
    1.6661603808330427e-02 4.0179346901175049e-02 9.9918753303373475e-01
    -3.1454590371503745e-03 -1.6521865950686589e-02
    3.8119417004599016e-03 9.9985623818926084e-01</data></R2>
</opencv_storage>
