<?xml version="1.0"?>
<opencv_storage>
<R2 type_id="opencv-matrix">
  <rows>3</rows>
  <cols>3</cols>
  <dt>d</dt>
  <data>
    9.9998589871832588e-01 -4.0857385630294089e-03
    3.3925071697528311e-03 4.0548386597947074e-03 9.9995068409992049e-01
    9.0657405402996272e-03 -3.4293801109361709e-03
    -9.0518566325131552e-03 9.9995315052434297e-01</data></R2>
</opencv_storage>
