<?xml version="1.0"?>
<opencv_storage>
<R2 type_id="opencv-matrix">
  <rows>3</rows>
  <cols>3</cols>
  <dt>d</dt>
  <data>
    9.9899563002744451e-01 -2.8129257168503313e-02
    3.4878017105585017e-02 2.8062214195966738e-02 9.9960327248150804e-01
    2.4103482485959768e-03 -3.4931981342159205e-02
    -1.4291729804441762e-03 9.9938867020999544e-01</data></R2>
</opencv_storage>
