<?xml version="1.0"?>
<opencv_storage>
<D1-single type_id="opencv-matrix">
  <rows>1</rows>
  <cols>8</cols>
  <dt>d</dt>
  <data>
    -1.1153972259660467e+00 5.8119051879274020e-01
    -2.5770751017812716e-03 -2.8418918917072662e-03
    8.0925789512137400e-02 -7.7874666509044344e-01
    1.6925439076865131e-01 3.1441792685683023e-01</data></D1-single>
</opencv_storage>
