<?xml version="1.0"?>
<opencv_storage>
<D2-single type_id="opencv-matrix">
  <rows>1</rows>
  <cols>8</cols>
  <dt>d</dt>
  <data>
    -6.0339055816478759e-01 2.6424577373186509e-01
    7.6544760851126258e-04 -1.4055230816702082e-03
    5.8440096011112073e-02 -2.8276069276758464e-01
    1.8810038216087125e-02 1.8127436872423361e-01</data></D2-single>
</opencv_storage>
