<?xml version="1.0"?>
<opencv_storage>
<M1-single type_id="opencv-matrix">
  <rows>3</rows>
  <cols>3</cols>
  <dt>d</dt>
  <data>
    1.8399789778042123e+02 0. 2.0171722760873999e+02 0.
    1.8200147171908552e+02 1.1520620013647624e+02 0. 0. 1.</data></M1-single>
</opencv_storage>
