<?xml version="1.0"?>
<opencv_storage>
<M2-single type_id="opencv-matrix">
  <rows>3</rows>
  <cols>3</cols>
  <dt>d</dt>
  <data>
    1.8022881786904588e+02 0. 1.8649473436814773e+02 0.
    1.7951355986271921e+02 1.1237055208620244e+02 0. 0. 1.</data></M2-single>
</opencv_storage>
