<?xml version="1.0"?>
<opencv_storage>
<M2 type_id="opencv-matrix">
  <rows>3</rows>
  <cols>3</cols>
  <dt>d</dt>
  <data>
    183.611483 0. 184.549690 0.
    183.115383 113.078761 0. 0. 1.</data></M2>
</opencv_storage>
